bottle = [9.075, 8.075, 10.094166666666666, 4.083333333333333, 3.1125, 15.1125, 3.05, 12.05, 5.083333333333333, 14.108333333333333, 19.083333333333332, 40.12916666666667, 7.1275, 9.0775, 29.129166666666666, 24.129166666666666, 19.083333333333332, 11.058333333333334, 4.058333333333334, 2.0458333333333334, 7.058333333333334, 8.058333333333334, 4.058333333333334, 4.058333333333334, 4.058333333333334, 3.058333333333333, 13.058333333333334, 20.116666666666667, 19.116666666666667, 10.116666666666667, 10.116666666666667, 4.1, 2.0833333333333335, 18.116666666666667, 9.160833333333333, 16.116666666666667, 22.160833333333333, 13.1, 7.033333333333333, 6.060833333333333, 4.066666666666666, 3.029166666666667, 12.033333333333333, 11.060833333333333, 13.183333333333334, 13.183333333333334, 6.116666666666666, 20.183333333333334, 10.033333333333333, 5.033333333333333, 3.0166666666666666, 5.029166666666667, 9.033333333333333, 11.05, 11.05, 10.05, 10.091666666666667, 6.091666666666667, 6.05, 16.066666666666666, 14.066666666666666, 14.05, 9.075, 9.075, 6.075, 4.075, 3.066666666666667, 9.075, 14.129166666666666, 8.095833333333333, 6.095833333333333, 17.14, 4.095833333333333, 14.095833333333333, 6.083333333333333, 7.083333333333333, 15.075, 1.0333333333333334, 1.0333333333333334, 12.075, 10.045833333333333, 10.083333333333334, 6.05, 6.05, 4.083333333333333, 2.05, 11.05, 12.033333333333333, 11.060833333333333, 4.025, 13.060833333333333, 13.060833333333333, 4.025, 5.05, 5.083333333333333, 2.05, 9.083333333333334, 6.083333333333333, 6.083333333333333, 11.033333333333333, 11.058333333333334, 4.066666666666666, 13.058333333333334, 15.075, 11.075, 5.025, 5.066666666666666, 10.0125, 8.083333333333334, 4.05, 5.083333333333333, 4.083333333333333, 13.083333333333334, 10.083333333333334, 20.15, 19.15, 11.1, 4.033333333333333, 15.1125, 4.066666666666666, 3.066666666666667, 3.066666666666667, 7.066666666666666, 32.09166666666667, 12.083333333333334, 15.1, 11.133333333333333, 7.1, 2.066666666666667, 1.0666666666666667, 20.133333333333333, 14.1, 10.15, 10.083333333333334, 5.066666666666666, 1.05, 4.083333333333333, 13.083333333333334, 12.05, 12.05, 9.083333333333334, 12.083333333333334, 9.05, 2.033333333333333, 3.05, 10.05, 11.1, 18.15, 17.15, 16.15, 14.15, 12.15, 34.19166666666667, 12.116666666666667, 22.183333333333334, 19.15, 5.041666666666667, 5.05, 8.058333333333334, 12.079166666666667, 9.016666666666667, 9.083333333333334, 13.016666666666667, 3.029166666666667, 7.045833333333333, 4.033333333333333, 3.029166666666667, 13.045833333333333, 2.0125, 9.075, 2.0625, 11.029166666666667, 10.083333333333334, 10.083333333333334, 4.05, 3.05, 12.083333333333334, 5.083333333333333, 7.083333333333333, 4.060833333333333, 7.033333333333333, 4.029166666666667, 1.0333333333333334, 0.05, 34.13333333333333, 6.05, 2.05, 2.05, 14.058333333333334, 13.045833333333333, 11.045833333333333, 21.1125, 4.033333333333333, 2.029166666666667, 2.0458333333333334, 2.033333333333333, 14.045833333333333, 14.083333333333334, 4.083333333333333, 14.15, 8.083333333333334, 5.05, 5.083333333333333, 4.083333333333333, 4.083333333333333, 2.05, 13.083333333333334, 13.083333333333334, 15.074166666666667, 14.074166666666667, 11.074166666666667, 8.074166666666667, 4.074166666666667, 11.074166666666667, 5.016666666666667, 12.083333333333334, 4.033333333333333, 3.05, 10.041666666666666, 7.058333333333334, 7.041666666666667, 1.0458333333333334, 1.0416666666666667, 1.0416666666666667, 1.0416666666666667, 7.033333333333333, 10.091666666666667, 10.091666666666667, 4.033333333333333, 3.0833333333333335, 2.029166666666667, 14.0375, 11.033333333333333, 12.058333333333334, 11.05, 11.060833333333333, 5.029166666666667, 12.075, 7.083333333333333, 6.045833333333333, 3.0458333333333334, 16.029166666666665, 19.070833333333333, 8.083333333333334, 5.083333333333333, 7.15, 14.083333333333334, 16.15, 19.1125, 16.1125, 11.1125, 7.1125, 14.145833333333334, 16.1125, 10.066666666666666, 7.066666666666666, 1.05, 5.066666666666666, 2.05, 11.033333333333333, 13.091666666666667, 12.091666666666667, 16.066666666666666, 14.05, 11.083333333333334, 2.066666666666667, 9.083333333333334, 14.058333333333334, 14.058333333333334, 10.1, 10.033333333333333, 5.033333333333333, 8.066666666666666, 6.041666666666667, 4.025, 4.025, 4.033333333333333, 13.025, 12.029166666666667, 9.058333333333334, 7.083333333333333, 7.083333333333333, 3.0833333333333335, 14.083333333333334, 11.05, 13.083333333333334, 7.05, 7.05, 8.083333333333334, 5.05, 6.083333333333333, 15.075, 7.083333333333333, 9.040833333333333, 5.095, 7.095, 2.045, 13.1075, 17.1075, 3.0833333333333335, 10.083333333333334, 5.05, 4.083333333333333, 4.05, 7.05, 11.05, 14.066666666666666, 3.029166666666667, 13.033333333333333, 10.029166666666667, 11.05, 9.083333333333334, 7.05, 15.125, 5.083333333333333, 3.05, 7.05, 9.0625, 9.0625, 3.0625, 3.0625, 12.045833333333333, 4.05, 19.1, 13.1, 6.110833333333333, 15.133333333333333, 23.1, 18.1, 7.05, 8.083333333333334, 6.083333333333333, 6.083333333333333, 15.091666666666667, 14.083333333333334, 6.083333333333333, 7.05, 7.05, 11.1, 16.091666666666665, 15.091666666666667, 12.066666666666666, 8.05, 21.133333333333333, 10.1, 17.133333333333333, 3.1, 6.1, 3.1066666666666665, 21.133333333333333, 3.066666666666667, 26.129166666666666, 13.058333333333334, 11.1, 15.110833333333334, 13.1, 9.1, 5.1, 20.110833333333332, 11.1];
